{
 "cells": [
  {
   "cell_type": "code",
   "execution_count": null,
   "metadata": {},
   "outputs": [],
   "source": []
  },
  {
   "cell_type": "markdown",
   "metadata": {},
   "source": [
    "# Name:khushbu kansagra\n",
    "# Enroll no: 181221023\n",
    "# Date:17-07-2019\n",
    "# Topic:ML/Regression/Preprcessing Techniqe"
   ]
  },
  {
   "cell_type": "code",
   "execution_count": 9,
   "metadata": {},
   "outputs": [
    {
     "data": {
      "text/plain": [
       "array([[1. , 2.5, 0.1, 2.1, 2. ],\n",
       "       [1.5, 2. , 2.5, 0.6, 2.2],\n",
       "       [1.3, 2.2, 0.7, 2.6, 1.1],\n",
       "       [4. , 1.2, 3.2, 2.3, 2.8],\n",
       "       [1.1, 1.5, 2. , 1.9, 2.3]])"
      ]
     },
     "execution_count": 9,
     "metadata": {},
     "output_type": "execute_result"
    }
   ],
   "source": [
    "import numpy as np\n",
    "from sklearn import preprocessing\n",
    "\n",
    "data=np.array([[1,2.5,0.1,2.1,2],[1.5,2,2.5,0.6,2.2],[1.3,2.2,0.7,2.6,1.1],[4,1.2,3.2,2.3,2.8],[1.1,1.5,2,1.9,2.3]])\n",
    "data"
   ]
  },
  {
   "cell_type": "markdown",
   "metadata": {},
   "source": [
    "# Mean Removal\n"
   ]
  },
  {
   "cell_type": "code",
   "execution_count": 20,
   "metadata": {},
   "outputs": [
    {
     "name": "stdout",
     "output_type": "stream",
     "text": [
      "data standardize mean= \n",
      "[-6.66133815e-17 -2.22044605e-16  7.77156117e-17  1.11022302e-16\n",
      " -9.43689571e-16]\n",
      "data standardize std= \n",
      "[1. 1. 1. 1. 1.]\n"
     ]
    }
   ],
   "source": [
    "\n",
    "data_standardize=preprocessing.scale(data)\n",
    "print(\"data standardize mean= \")\n",
    "print(data_standardize.mean(axis=0))\n",
    "print(\"data standardize std= \")\n",
    "print(data_standardize.std(axis=0))"
   ]
  },
  {
   "cell_type": "markdown",
   "metadata": {},
   "source": [
    "# Scaling"
   ]
  },
  {
   "cell_type": "code",
   "execution_count": 19,
   "metadata": {},
   "outputs": [
    {
     "name": "stdout",
     "output_type": "stream",
     "text": [
      "data scaler= \n",
      "[[1.         2.         1.         1.75       1.52941176]\n",
      " [1.16666667 1.61538462 1.77419355 1.         1.64705882]\n",
      " [1.1        1.76923077 1.19354839 2.         1.        ]\n",
      " [2.         1.         2.         1.85       2.        ]\n",
      " [1.03333333 1.23076923 1.61290323 1.65       1.70588235]]\n"
     ]
    }
   ],
   "source": [
    "data_scaler=preprocessing.MinMaxScaler(feature_range=(1,2))\n",
    "data_scaler=data_scaler.fit_transform(data)\n",
    "print(\"data scaler= \")\n",
    "print(data_scaler)"
   ]
  },
  {
   "cell_type": "markdown",
   "metadata": {},
   "source": [
    "# Normalization"
   ]
  },
  {
   "cell_type": "code",
   "execution_count": 18,
   "metadata": {},
   "outputs": [
    {
     "name": "stdout",
     "output_type": "stream",
     "text": [
      "data normalization= \n",
      "[[0.12987013 0.32467532 0.01298701 0.27272727 0.25974026]\n",
      " [0.17045455 0.22727273 0.28409091 0.06818182 0.25      ]\n",
      " [0.16455696 0.27848101 0.08860759 0.32911392 0.13924051]\n",
      " [0.2962963  0.08888889 0.23703704 0.17037037 0.20740741]\n",
      " [0.125      0.17045455 0.22727273 0.21590909 0.26136364]]\n"
     ]
    }
   ],
   "source": [
    "data_normalization=preprocessing.normalize(data,norm='l1')\n",
    "print(\"data normalization= \")\n",
    "print(data_normalization)"
   ]
  },
  {
   "cell_type": "markdown",
   "metadata": {},
   "source": [
    "# Binarization"
   ]
  },
  {
   "cell_type": "code",
   "execution_count": 17,
   "metadata": {},
   "outputs": [
    {
     "name": "stdout",
     "output_type": "stream",
     "text": [
      "data binarization= \n",
      "[[1. 1. 1. 1. 1.]\n",
      " [1. 1. 1. 1. 1.]\n",
      " [1. 1. 1. 1. 1.]\n",
      " [1. 1. 1. 1. 1.]\n",
      " [1. 1. 1. 1. 1.]]\n"
     ]
    }
   ],
   "source": [
    "data_binarization=preprocessing.Binarizer().transform(data)\n",
    "print(\"data binarization= \")\n",
    "print(data_binarization)"
   ]
  },
  {
   "cell_type": "code",
   "execution_count": null,
   "metadata": {},
   "outputs": [],
   "source": []
  }
 ],
 "metadata": {
  "kernelspec": {
   "display_name": "Python 3",
   "language": "python",
   "name": "python3"
  },
  "language_info": {
   "codemirror_mode": {
    "name": "ipython",
    "version": 3
   },
   "file_extension": ".py",
   "mimetype": "text/x-python",
   "name": "python",
   "nbconvert_exporter": "python",
   "pygments_lexer": "ipython3",
   "version": "3.7.2"
  }
 },
 "nbformat": 4,
 "nbformat_minor": 2
}
